-3 0 0
-2.8025 0.37875 0
-2.61 0.715 0
-2.4225 1.00875 0
-2.24 1.26 0
-2.0625 1.46875 0
-1.89 1.635 0
-1.7225 1.75875 0
-1.56 1.84 0
-1.4025 1.87875 0
-1.25 1.875 0
-1.1025 1.82875 0
-0.96 1.74 0
-0.8225 1.60875 0
-0.69 1.435 0
-0.5625 1.21875 0
-0.44 0.96 0
-0.3225 0.65875 0
-0.21 0.315 0
-0.1025 -0.07125 0
0 -0.5 0
0.09875 -0.93125 0
0.195 -1.325 0
0.28875 -1.68125 0
0.38 -2 0
0.46875 -2.28125 0
0.555 -2.525 0
0.63875 -2.73125 0
0.72 -2.9 0
0.79875 -3.03125 0
0.875 -3.125 0
0.94875 -3.18125 0
1.02 -3.2 0
1.08875 -3.18125 0
1.155 -3.125 0
1.21875 -3.03125 0
1.28 -2.9 0
1.33875 -2.73125 0
1.395 -2.525 0
1.44875 -2.28125 0
1.5 -2 0
1.55125 -1.71 0
1.605 -1.44 0
1.66125 -1.19 0
1.72 -0.96 0
1.78125 -0.75 0
1.845 -0.56 0
1.91125 -0.39 0
1.98 -0.24 0
2.05125 -0.11 0
2.125 0 0
2.20125 0.09 0
2.28 0.16 0
2.36125 0.21 0
2.445 0.24 0
2.53125 0.25 0
2.62 0.24 0
2.71125 0.21 0
2.805 0.16 0
2.90125 0.09 0
3 0 0
3.1 -0.09375 0
3.2 -0.175 0
3.3 -0.24375 0
3.4 -0.3 0
3.5 -0.34375 0
3.6 -0.375 0
3.7 -0.39375 0
3.8 -0.4 0
3.9 -0.39375 0
4 -0.375 0
4.1 -0.34375 0
4.2 -0.3 0
4.3 -0.24375 0
4.4 -0.175 0
4.5 -0.09375 0
4.6 0 0
4.7 0.10625 0
4.8 0.225 0
4.9 0.35625 0
5 0.5 0
5.1025 0.65125 0
5.21 0.805 0
5.3225 0.96125 0
5.44 1.12 0
5.5625 1.28125 0
5.69 1.445 0
5.8225 1.61125 0
5.96 1.78 0
6.1025 1.95125 0
6.25 2.125 0
6.4025 2.30125 0
6.56 2.48 0
6.7225 2.66125 0
6.89 2.845 0
7.0625 3.03125 0
7.24 3.22 0
7.4225 3.41125 0
7.61 3.605 0
7.8025 3.80125 0
8 4 0